0.00981300 17.843
0.00980700 1.963
0.00980600 7.478
0.00980500 116.342
0.00980400 4.17
0.00980300 14.37
0.00980200 0.328
0.00980100 27.551
0.00980000 7.041
0.00979800 11.888
0.00979600 13.687
0.00979500 5.217
0.00979400 11.636
0.00979300 0.707
0.00979200 18.958
0.00979100 74.799
0.00979000 6.935
0.00978800 0.273
0.00978700 2.947
0.00978600 7.024
0.00978500 112.064
0.00978400 0.372
0.00978300 8.853
0.00978200 43.796
0.00978100 16.49
0.00978000 1.329
0.00977900 0.648
0.00977800 30.297
0.00977700 0.14
0.00977600 2.921
0.00977500 103.719
0.00977400 0.137
0.00977300 133.902
0.00977200 0.126
0.00977100 2.737
0.00977000 6.866
0.00976900 0.245
0.00976800 0.102
0.00976700 0.113
0.00976600 0.781
0.00976500 7.052
0.00976400 3.064
0.00976300 0.359
0.00976200 51.123
0.00976100 143.268
0.00976000 24.791
0.00975900 2.421
0.00975800 1.761
0.00975700 2.144
0.00975600 0.545
0.00975500 2.729
0.00975400 16.955
0.00975300 352.075
0.00975200 5.402
0.00975100 3.014
0.00975000 130.512
0.00974900 28.684
0.00974800 1.136
0.00974700 1.287
0.00974600 0.366
0.00974500 52.318
0.00974400 1.46
0.00974300 4.601
0.00974200 0.583
0.00974100 3.521
0.00974000 14.851
0.00973900 0.361
0.00973800 4.509
0.00973700 2.071
0.00973600 0.927
0.00973500 2.911
0.00973400 101.877
0.00973300 1.201
0.00973200 4.312
0.00973100 4.864
0.00973000 2.287
0.00972900 60.087
0.00972800 30.172
0.00972700 1.014
0.00972600 2.484
0.00972500 26.244
0.00972400 26.078
0.00972300 4.32
0.00972200 72.861
0.00972100 6.06
0.00972000 33.63
0.00971900 4.711
0.00971800 2.573
0.00971700 91.076
0.00971600 5.132
0.00971500 2.415
0.00971400 2.974
0.00971300 6.589
0.00971200 3.694
0.00971100 64.211
0.00971000 407.12
0.00970900 1.184
0.00969800 163.64
0.00980900 0.328
0.00945900 0.291
0.00969000 2.416
0.00967300 6.501
0.00967700 1.029
0.00981000 0.101
0.00978900 41.18
0.00981400 23.296
0.00981500 32.147
0.00911800 3.375
0.00981600 51.891
