0.00981700 0.838
0.00981800 6.5
0.00981900 8.221
0.00982000 47.412
0.00982100 87.834
0.00982200 17.45
0.00982300 19.003
0.00982400 13.438
0.00982500 11.455
0.00982600 46.43
0.00982800 14.22
0.00982900 0.214
0.00983000 6.602
0.00983100 4.051
0.00983200 97.574
0.00983300 20.77
0.00983400 41.169
0.00983500 0.713
0.00983600 187.833
0.00983700 3.085
0.00983800 15.979
0.00983900 33.268
0.00984000 21.192
0.00984100 2.638
0.00984200 0.678
0.00984300 43.818
0.00984400 39.302
0.00984500 20.002
0.00984600 3.141
0.00984700 0.211
0.00984800 36.165
0.00984900 28.341
0.00985000 7.397
0.00985100 2.458
0.00985200 0.22
0.00985300 3.384
0.00985400 0.381
0.00985500 10.593
0.00985600 0.393
0.00985700 356.89
0.00985800 3.336
0.00985900 0.137
0.00986000 2.304
0.00986100 5.469
0.00986200 0.458
0.00986300 61.034
0.00986400 0.95
0.00986500 0.385
0.00986600 0.126
0.00986700 0.729
0.00986800 0.406
0.00986900 3.385
0.00987000 2.386
0.00987100 140.181
0.00987200 3.696
0.00987300 91.937
0.00987400 1.411
0.00987500 10.248
0.00987600 4.045
0.00987700 7.4
0.00987800 3.442
0.00987900 0.872
0.00988000 2.151
0.00988100 1.886
0.00988200 1.165
0.00988300 3.182
0.00988400 1.099
0.00988500 0.209
0.00988600 0.216
0.00988700 135.505
0.00988800 0.405
0.00988900 5.611
0.00989000 2.518
0.00989100 2.224
0.00989200 0.236
0.00989300 2.194
0.00989400 3.29
0.00989500 0.217
0.00989600 2.002
0.00989700 0.057
0.00989800 1.318
0.00989900 0.544
0.00990000 15.915
0.00990100 2.268
0.00990200 0.188
0.00990300 50.942
0.00990400 2.61
0.00990500 5.402
0.00990600 157.879
0.00990700 0.141
0.00990800 5.195
0.00990900 1.549
0.00991000 3.216
0.00991100 103.244
0.00991200 7.457
0.00991300 0.27
0.00991400 0.211
0.00991500 26.537
0.01016600 2.364
0.01040000 407.881
0.01055300 24.08
0.01054600 2.773
0.00996200 0.127
0.00994500 3.871
0.01009900 1.764
0.01010000 177.164
