0.00002550 350813925.0
0.00002549 3264579098.0
0.00002548 8357329046.0
0.00002547 12149766104.0
0.00002546 4834683352.0
0.00002545 4850685484.0
0.00002544 1489218822.0
0.00002543 2079498216.0
0.00002542 436632282.0
0.00002541 3971005132.0
0.00002540 1251463780.0
0.00002539 3295073011.0
0.00002538 100023255.0
0.00002537 99496271.0
0.00002536 881437223.0
0.00002535 1590273009.0
0.00002534 379786461.0
0.00002533 517813723.0
0.00002532 100350155.0
0.00002531 2444711489.0
0.00002530 1135192142.0
0.00002529 277570327.0
0.00002528 1276963796.0
0.00002527 146569860.0
0.00002526 242263038.0
0.00002525 1898260180.0
0.00002524 1217467755.0
0.00002523 2329415355.0
0.00002522 1029961290.0
0.00002521 3122178956.0
0.00002520 1749318589.0
0.00002519 1322895031.0
0.00002518 260774842.0
0.00002517 61358066.0
0.00002516 218572335.0
0.00002515 1520655288.0
0.00002514 17352458.0
0.00002513 75466884.0
0.00002512 241266166.0
0.00002511 235414920.0
0.00002510 1034632377.0
0.00002509 87064686.0
0.00002508 96263144.0
0.00002507 2583592792.0
0.00002506 80017317.0
0.00002505 373206361.0
0.00002504 111817963.0
0.00002503 52534836.0
0.00002502 666158142.0
0.00002501 2187936112.0
0.00002500 14853506216.0
0.00002499 231833699.0
0.00002498 75412384.0
0.00002497 138790748.0
0.00002496 30512551.0
0.00002495 1558244611.0
0.00002494 119335204.0
0.00002493 25347775.0
0.00002492 99669395.0
0.00002491 44300714.0
0.00002490 817324985.0
0.00002489 85663930.0
0.00002488 450766425.0
0.00002487 61888523.0
0.00002486 244639213.0
0.00002485 649702359.0
0.00002484 45142425.0
0.00002483 85772841.0
0.00002482 831073770.0
0.00002481 112950331.0
0.00002480 2740034560.0
0.00002479 304820198.0
0.00002478 118647984.0
0.00002477 343226920.0
0.00002476 251682982.0
0.00002475 415986319.0
0.00002474 27263613.0
0.00002473 179385807.0
0.00002472 114475661.0
0.00002471 117290310.0
0.00002470 1232356160.0
0.00002469 18842484.0
0.00002468 256743046.0
0.00002467 1071477909.0
0.00002466 387596225.0
0.00002465 1133671637.0
0.00002464 35880608.0
0.00002463 156896468.0
0.00002462 144945824.0
0.00002461 179624574.0
0.00002460 827116518.0
0.00002459 103607010.0
0.00002458 170401371.0
0.00002457 22733419.0
0.00002456 105951353.0
0.00002455 336082116.0
0.00002454 193644943.0
0.00002453 80009799.0
0.00002452 11007408495.0
0.00002300 25647982762.0
0.00002450 9187342265.0
0.00002390 4157407812.0
0.00002356 242207669.0
0.00002400 23109050126.0
0.00002100 37668146326.0
0.00002437 212428506.0
