0.00002552 3962933296.0
0.00002553 3115523012.0
0.00002554 5847487001.0
0.00002555 4698637943.0
0.00002556 7604817482.0
0.00002557 7624553443.0
0.00002558 2953938186.0
0.00002559 3777340986.0
0.00002560 2085898020.0
0.00002561 1351750201.0
0.00002562 1240867060.0
0.00002563 538920324.0
0.00002564 182169433.0
0.00002565 3939169677.0
0.00002566 554155761.0
0.00002567 1323242399.0
0.00002568 71981810.0
0.00002569 40087645.0
0.00002570 704269176.0
0.00002571 89293783.0
0.00002572 88641557.0
0.00002573 56553457.0
0.00002574 1161659523.0
0.00002575 82494584.0
0.00002576 132046125.0
0.00002577 125504712.0
0.00002578 93822064.0
0.00002579 455894374.0
0.00002580 171227398.0
0.00002581 585685856.0
0.00002582 18633975.0
0.00002583 3395077827.0
0.00002584 31200648.0
0.00002585 70019877.0
0.00002586 1146570383.0
0.00002587 65151391.0
0.00002588 1582661450.0
0.00002589 12311637.0
0.00002590 727521694.0
0.00002591 25831778.0
0.00002592 37420569.0
0.00002593 20067835.0
0.00002594 2230874049.0
0.00002595 141158299.0
0.00002596 49518408.0
0.00002597 102100527.0
0.00002598 46511684.0
0.00002599 2945039162.0
0.00002600 2714819018.0
0.00002601 17561225.0
0.00002602 125190913.0
0.00002603 24805083.0
0.00002604 84291957.0
0.00002605 257398370.0
0.00002606 33527583.0
0.00002607 684311642.0
0.00002608 459535172.0
0.00002609 1180542275.0
0.00002610 1801799369.0
0.00002611 2698750723.0
0.00002612 83505298.0
0.00002613 143795122.0
0.00002614 36539893.0
0.00002615 92901492.0
0.00002616 35331705.0
0.00002617 49356598.0
0.00002618 69036287.0
0.00002619 35358631.0
0.00002620 687787580.0
0.00002621 42641063.0
0.00002622 94579014.0
0.00002623 126299326.0
0.00002624 38092727.0
0.00002625 463371461.0
0.00002626 108685377.0
0.00002627 117010967.0
0.00002628 47563776.0
0.00002629 826035870.0
0.00002630 610559256.0
0.00002631 90461404.0
0.00002632 43798579.0
0.00002633 745485165.0
0.00002634 61578102.0
0.00002635 245974325.0
0.00002636 34569788.0
0.00002637 27543454.0
0.00002638 69903218.0
0.00002639 70969358.0
0.00002640 579886835.0
0.00002641 24613782.0
0.00002642 31341757.0
0.00002643 32508906.0
0.00002644 492796364.0
0.00002645 257999304.0
0.00002646 163426026.0
0.00002647 36332928.0
0.00002648 105969342.0
0.00002649 90507878.0
0.00002650 5619845138.0
0.00002651 1435811162.0
0.00004094 16451038.0
0.00005525 650922264.0
0.00004500 60796439424.0
0.00007660 75318610.0
0.00007770 260470408.0
0.00012750 42491364.0
0.00002790 649435773.0
0.00002700 18004387057.0
0.00003000 39346623313.0
0.00005000 54331049422.0
0.00002551 2088231248.0
